Ugs;Id;Uds
0,000000;-9,626000E-6;0,400000
0,000000;-8,251000E-6;0,600000
0,000000;-9,626000E-6;0,800000
0,000000;-9,626000E-6;1,000000
0,000000;-8,251000E-6;1,200000
0,000000;-1,375100E-5;1,400000
0,000000;-1,650100E-5;1,600000
0,000000;-1,375100E-5;1,800000
0,000000;-6,875000E-6;2,000000
0,000000;-6,875000E-6;2,200000
0,000000;-8,251000E-6;2,400000
0,000000;-1,375100E-5;2,600000
0,000000;-1,237600E-5;2,800000
0,000000;-1,512600E-5;3,000000
0,000000;-8,251000E-6;3,200001
0,000000;-1,375100E-5;3,400001
0,000000;-1,375100E-5;3,600001
0,000000;-1,100100E-5;3,800001
0,000000;-1,237600E-5;4,000000
0,000000;-1,512600E-5;4,200000
0,000000;-1,237600E-5;4,400000
0,000000;-1,512600E-5;4,600000
0,000000;-1,512600E-5;4,800000
0,000000;-1,237600E-5;5,000000
0,000000;-1,237600E-5;5,199999
0,000000;-1,100100E-5;5,399999
0,000000;-9,626000E-6;5,599999
0,000000;-1,100100E-5;5,799999
0,000000;-6,875000E-6;5,999999
0,000000;-6,875000E-6;6,199998
0,000000;-1,100100E-5;6,399998
0,000000;-1,237600E-5;6,599998
0,000000;-1,237600E-5;6,799998
0,000000;-1,100100E-5;6,999998
0,000000;-8,251000E-6;7,199997
0,000000;-9,626000E-6;7,399997
0,000000;-1,100100E-5;7,599997
0,000000;-1,237600E-5;7,799997
0,000000;-8,251000E-6;7,999997
0,000000;-8,251000E-6;8,199997
0,000000;-1,512600E-5;8,399997
0,000000;-1,100100E-5;8,599997
0,000000;-1,375100E-5;8,799996
0,000000;-9,626000E-6;8,999996
0,000000;-1,237600E-5;9,199996
0,000000;-8,251000E-6;9,399996
0,000000;-9,626000E-6;9,599996
0,000000;-9,626000E-6;9,799995
0,000000;-1,100100E-5;9,999995
0,000000;-8,251000E-6;10,200000
0,000000;-1,375100E-5;10,399990
1,000000;-1,100100E-5;0,400000
1,000000;-1,100100E-5;0,600000
1,000000;-1,100100E-5;0,800000
1,000000;-1,100100E-5;1,000000
1,000000;-8,251000E-6;1,200000
1,000000;-9,626000E-6;1,400000
1,000000;-8,251000E-6;1,600000
1,000000;-1,100100E-5;1,800000
1,000000;-1,100100E-5;2,000000
1,000000;-9,626000E-6;2,200000
1,000000;-1,100100E-5;2,400000
1,000000;-1,237600E-5;2,600000
1,000000;-8,251000E-6;2,800000
1,000000;-8,251000E-6;3,000000
1,000000;-8,251000E-6;3,200001
1,000000;-1,237600E-5;3,400001
1,000000;-9,626000E-6;3,600001
1,000000;-8,251000E-6;3,800001
1,000000;-1,237600E-5;4,000000
1,000000;-1,512600E-5;4,200000
1,000000;-1,237600E-5;4,400000
1,000000;-1,375100E-5;4,600000
1,000000;-9,626000E-6;4,800000
1,000000;-6,875000E-6;5,000000
1,000000;-1,237600E-5;5,199999
1,000000;-1,237600E-5;5,399999
1,000000;-1,237600E-5;5,599999
1,000000;-1,237600E-5;5,799999
1,000000;-1,237600E-5;5,999999
1,000000;-1,237600E-5;6,199998
1,000000;-1,237600E-5;6,399998
1,000000;-1,375100E-5;6,599998
1,000000;-1,237600E-5;6,799998
1,000000;-8,251000E-6;6,999998
1,000000;-9,626000E-6;7,199997
1,000000;-1,237600E-5;7,399997
1,000000;-1,100100E-5;7,599997
1,000000;-1,237600E-5;7,799997
1,000000;-1,100100E-5;7,999997
1,000000;-8,251000E-6;8,199997
1,000000;-1,100100E-5;8,399997
1,000000;-1,100100E-5;8,599997
1,000000;-9,626000E-6;8,799996
1,000000;-1,237600E-5;8,999996
1,000000;-8,251000E-6;9,199996
1,000000;-8,251000E-6;9,399996
1,000000;-1,100100E-5;9,599996
1,000000;-1,375100E-5;9,799995
1,000000;-8,251000E-6;9,999995
1,000000;-1,512600E-5;10,200000
1,000000;-1,512600E-5;10,399990
2,000000;-6,325400E-5;0,400000
2,000000;-7,838000E-5;0,600000
2,000000;-8,388000E-5;0,800000
2,000000;-8,250500E-5;1,000000
2,000000;-8,663000E-5;1,200000
2,000000;-8,663000E-5;1,400000
2,000000;-8,938000E-5;1,600000
2,000000;-8,800500E-5;1,800000
2,000000;-9,213100E-5;2,000000
2,000000;-9,213100E-5;2,200000
2,000000;-9,488100E-5;2,400000
2,000000;-9,625600E-5;2,600000
2,000000;-9,763100E-5;2,800000
2,000000;-9,900600E-5;3,000000
2,000000;-0,000100;3,200001
2,000000;-0,000103;3,400001
2,000000;-0,000105;3,600001
2,000000;-0,000105;3,800001
2,000000;-0,000107;4,000000
2,000000;-0,000103;4,200000
2,000000;-0,000103;4,400000
2,000000;-0,000102;4,600000
2,000000;-0,000105;4,800000
2,000000;-0,000109;5,000000
2,000000;-0,000110;5,199999
2,000000;-0,000105;5,399999
2,000000;-0,000113;5,599999
2,000000;-0,000113;5,799999
2,000000;-0,000116;5,999999
2,000000;-0,000111;6,199998
2,000000;-0,000111;6,399998
2,000000;-0,000111;6,599998
2,000000;-0,000116;6,799998
2,000000;-0,000121;6,999998
2,000000;-0,000120;7,199997
2,000000;-0,000121;7,399997
2,000000;-0,000116;7,599997
2,000000;-0,000117;7,799997
2,000000;-0,000121;7,999997
2,000000;-0,000122;8,199997
2,000000;-0,000121;8,399997
2,000000;-0,000127;8,599997
2,000000;-0,000125;8,799996
2,000000;-0,000125;8,999996
2,000000;-0,000125;9,199996
2,000000;-0,000122;9,399996
2,000000;-0,000122;9,599996
2,000000;-0,000128;9,799995
2,000000;-0,000128;9,999995
2,000000;-0,000132;10,200000
2,000000;-0,000129;10,399990
3,000000;-0,000257;0,400000
3,000000;-0,000458;0,600000
3,000000;-0,000616;0,800000
3,000000;-0,000723;1,000000
3,000000;-0,000792;1,200000
3,000000;-0,000836;1,400000
3,000000;-0,000862;1,600000
3,000000;-0,000879;1,800000
3,000000;-0,000892;2,000000
3,000000;-0,000908;2,200000
3,000000;-0,000919;2,400000
3,000000;-0,000927;2,600000
3,000000;-0,000938;2,800000
3,000000;-0,000950;3,000000
3,000000;-0,000961;3,200001
3,000000;-0,000969;3,400001
3,000000;-0,000978;3,600001
3,000000;-0,000990;3,800001
3,000000;-0,001001;4,000000
3,000000;-0,001004;4,200000
3,000000;-0,001011;4,400000
3,000000;-0,001023;4,600000
3,000000;-0,001031;4,800000
3,000000;-0,001035;5,000000
3,000000;-0,001046;5,199999
3,000000;-0,001055;5,399999
3,000000;-0,001062;5,599999
3,000000;-0,001070;5,799999
3,000000;-0,001077;5,999999
3,000000;-0,001084;6,199998
3,000000;-0,001092;6,399998
3,000000;-0,001093;6,599998
3,000000;-0,001097;6,799998
3,000000;-0,001108;6,999998
3,000000;-0,001114;7,199997
3,000000;-0,001126;7,399997
3,000000;-0,001130;7,599997
3,000000;-0,001136;7,799997
3,000000;-0,001147;7,999997
3,000000;-0,001144;8,199997
3,000000;-0,001151;8,399997
3,000000;-0,001158;8,599997
3,000000;-0,001162;8,799996
3,000000;-0,001172;8,999996
3,000000;-0,001176;9,199996
3,000000;-0,001185;9,399996
3,000000;-0,001191;9,599996
3,000000;-0,001200;9,799995
3,000000;-0,001205;9,999995
3,000000;-0,001205;10,200000
3,000000;-0,001213;10,399990
4,000000;-0,000422;0,400000
4,000000;-0,000789;0,600000
4,000000;-0,001117;0,800000
4,000000;-0,001398;1,000000
4,000000;-0,001643;1,200000
4,000000;-0,001854;1,400000
4,000000;-0,002017;1,600000
4,000000;-0,002148;1,800000
4,000000;-0,002246;2,000000
4,000000;-0,002316;2,200000
4,000000;-0,002369;2,400000
4,000000;-0,002409;2,600000
4,000000;-0,002442;2,800000
4,000000;-0,002478;3,000000
4,000000;-0,002505;3,200001
4,000000;-0,002534;3,400001
4,000000;-0,002559;3,600001
4,000000;-0,002580;3,800001
4,000000;-0,002603;4,000000
4,000000;-0,002624;4,200000
4,000000;-0,002646;4,400000
4,000000;-0,002659;4,600000
4,000000;-0,002680;4,800000
4,000000;-0,002699;5,000000
4,000000;-0,002721;5,199999
4,000000;-0,002739;5,399999
4,000000;-0,002757;5,599999
4,000000;-0,002776;5,799999
4,000000;-0,002790;5,999999
4,000000;-0,002805;6,199998
4,000000;-0,002822;6,399998
4,000000;-0,002837;6,599998
4,000000;-0,002853;6,799998
4,000000;-0,002867;6,999998
4,000000;-0,002885;7,199997
4,000000;-0,002900;7,399997
4,000000;-0,002921;7,599997
4,000000;-0,002932;7,799997
4,000000;-0,002941;7,999997
4,000000;-0,002961;8,199997
4,000000;-0,002978;8,399997
4,000000;-0,002987;8,599997
4,000000;-0,003000;8,799996
4,000000;-0,003013;8,999996
4,000000;-0,003028;9,199996
4,000000;-0,003043;9,399996
4,000000;-0,003055;9,599996
4,000000;-0,003068;9,799995
4,000000;-0,003079;9,999995
4,000000;-0,003098;10,200000
4,000000;-0,003112;10,399990
5,000000;-0,000561;0,400000
5,000000;-0,001071;0,600000
5,000000;-0,001539;0,800000
5,000000;-0,001980;1,000000
5,000000;-0,002373;1,200000
5,000000;-0,002739;1,400000
5,000000;-0,003065;1,600000
5,000000;-0,003350;1,800000
5,000000;-0,003608;2,000000
5,000000;-0,003827;2,200000
5,000000;-0,004012;2,400000
5,000000;-0,004158;2,600000
5,000000;-0,004286;2,800000
5,000000;-0,004389;3,000000
5,000000;-0,004464;3,200001
5,000000;-0,004532;3,400001
5,000000;-0,004591;3,600001
5,000000;-0,004646;3,800001
5,000000;-0,004688;4,000000
5,000000;-0,004733;4,200000
5,000000;-0,004776;4,400000
5,000000;-0,004810;4,600000
5,000000;-0,004849;4,800000
5,000000;-0,004879;5,000000
5,000000;-0,004916;5,199999
5,000000;-0,004948;5,399999
5,000000;-0,004979;5,599999
5,000000;-0,005007;5,799999
5,000000;-0,005036;5,999999
5,000000;-0,005069;6,199998
5,000000;-0,005096;6,399998
5,000000;-0,005128;6,599998
5,000000;-0,005151;6,799998
5,000000;-0,005176;6,999998
5,000000;-0,005206;7,199997
5,000000;-0,005225;7,399997
5,000000;-0,005251;7,599997
5,000000;-0,005276;7,799997
5,000000;-0,005300;7,999997
5,000000;-0,005328;8,199997
5,000000;-0,005346;8,399997
5,000000;-0,005375;8,599997
5,000000;-0,005393;8,799996
5,000000;-0,005415;8,999996
5,000000;-0,005440;9,199996
5,000000;-0,005459;9,399996
5,000000;-0,005482;9,599996
5,000000;-0,005503;9,799995
5,000000;-0,005529;9,999995
5,000000;-0,005546;10,200000
5,000000;-0,005565;10,399990
6,000000;-0,000675;0,400000
6,000000;-0,001310;0,600000
6,000000;-0,001911;0,800000
6,000000;-0,002482;1,000000
6,000000;-0,003016;1,200000
6,000000;-0,003512;1,400000
6,000000;-0,003979;1,600000
6,000000;-0,004414;1,800000
6,000000;-0,004813;2,000000
6,000000;-0,005174;2,200000
6,000000;-0,005509;2,400000
6,000000;-0,005800;2,600000
6,000000;-0,006064;2,800000
6,000000;-0,006302;3,000000
6,000000;-0,006506;3,200001
6,000000;-0,006676;3,400001
6,000000;-0,006822;3,600001
6,000000;-0,006950;3,800001
6,000000;-0,007057;4,000000
6,000000;-0,007142;4,200000
6,000000;-0,007225;4,400000
6,000000;-0,007293;4,600000
6,000000;-0,007359;4,800000
6,000000;-0,007419;5,000000
6,000000;-0,007474;5,199999
6,000000;-0,007526;5,399999
6,000000;-0,007577;5,599999
6,000000;-0,007625;5,799999
6,000000;-0,007669;5,999999
6,000000;-0,007717;6,199998
6,000000;-0,007757;6,399998
6,000000;-0,007804;6,599998
6,000000;-0,007843;6,799998
6,000000;-0,007878;6,999998
6,000000;-0,007916;7,199997
6,000000;-0,007955;7,399997
6,000000;-0,007991;7,599997
6,000000;-0,008026;7,799997
6,000000;-0,008059;7,999997
6,000000;-0,008101;8,199997
6,000000;-0,008134;8,399997
6,000000;-0,008167;8,599997
6,000000;-0,008198;8,799996
6,000000;-0,008226;8,999996
6,000000;-0,008262;9,199996
6,000000;-0,008293;9,399996
6,000000;-0,008322;9,599996
6,000000;-0,008351;9,799995
6,000000;-0,008381;9,999995
6,000000;-0,008413;10,200000
6,000000;-0,008436;10,399990
7,000000;-0,000788;0,400000
7,000000;-0,001526;0,600000
7,000000;-0,002244;0,800000
7,000000;-0,002923;1,000000
7,000000;-0,003579;1,200000
7,000000;-0,004206;1,400000
7,000000;-0,004798;1,600000
7,000000;-0,005353;1,800000
7,000000;-0,005877;2,000000
7,000000;-0,006376;2,200000
7,000000;-0,006841;2,400000
7,000000;-0,007265;2,600000
7,000000;-0,007666;2,800000
7,000000;-0,008037;3,000000
7,000000;-0,008372;3,200001
7,000000;-0,008678;3,400001
7,000000;-0,008948;3,600001
7,000000;-0,009197;3,800001
7,000000;-0,009414;4,000000
7,000000;-0,009599;4,200000
7,000000;-0,009769;4,400000
7,000000;-0,009916;4,600000
7,000000;-0,010041;4,800000
7,000000;-0,010158;5,000000
7,000000;-0,010261;5,199999
7,000000;-0,010343;5,399999
7,000000;-0,010425;5,599999
7,000000;-0,010502;5,799999
7,000000;-0,010574;5,999999
7,000000;-0,010640;6,199998
7,000000;-0,010701;6,399998
7,000000;-0,010759;6,599998
7,000000;-0,010815;6,799998
7,000000;-0,010874;6,999998
7,000000;-0,010929;7,199997
7,000000;-0,010979;7,399997
7,000000;-0,011024;7,599997
7,000000;-0,011074;7,799997
7,000000;-0,011118;7,999997
7,000000;-0,011168;8,199997
7,000000;-0,011214;8,399997
7,000000;-0,011258;8,599997
7,000000;-0,011300;8,799996
7,000000;-0,011343;8,999996
7,000000;-0,011386;9,199996
7,000000;-0,011426;9,399996
7,000000;-0,011461;9,599996
7,000000;-0,011496;9,799995
7,000000;-0,011533;9,999995
7,000000;-0,011569;10,200000
7,000000;-0,011607;10,399990
8,000000;-0,000879;0,400000
8,000000;-0,001723;0,600000
8,000000;-0,002543;0,800000
8,000000;-0,003333;1,000000
8,000000;-0,004090;1,200000
8,000000;-0,004818;1,400000
8,000000;-0,005520;1,600000
8,000000;-0,006192;1,800000
8,000000;-0,006838;2,000000
8,000000;-0,007449;2,200000
8,000000;-0,008035;2,400000
8,000000;-0,008585;2,600000
8,000000;-0,009103;2,800000
8,000000;-0,009593;3,000000
8,000000;-0,010053;3,200001
8,000000;-0,010484;3,400001
8,000000;-0,010885;3,600001
8,000000;-0,011255;3,800001
8,000000;-0,011596;4,000000
8,000000;-0,011900;4,200000
8,000000;-0,012182;4,400000
8,000000;-0,012439;4,600000
8,000000;-0,012670;4,800000
8,000000;-0,012869;5,000000
8,000000;-0,013055;5,199999
8,000000;-0,013219;5,399999
8,000000;-0,013360;5,599999
8,000000;-0,013488;5,799999
8,000000;-0,013606;5,999999
8,000000;-0,013712;6,199998
8,000000;-0,013809;6,399998
8,000000;-0,013901;6,599998
8,000000;-0,013982;6,799998
8,000000;-0,014059;6,999998
8,000000;-0,014133;7,199997
8,000000;-0,014206;7,399997
8,000000;-0,014265;7,599997
8,000000;-0,014330;7,799997
8,000000;-0,014392;7,999997
8,000000;-0,014451;8,199997
8,000000;-0,014511;8,399997
8,000000;-0,014568;8,599997
8,000000;-0,014623;8,799996
8,000000;-0,014676;8,999996
8,000000;-0,014727;9,199996
8,000000;-0,014773;9,399996
8,000000;-0,014821;9,599996
8,000000;-0,014866;9,799995
8,000000;-0,014917;9,999995
8,000000;-0,014958;10,200000
8,000000;-0,015006;10,399990
9,000000;-0,000969;0,400000
9,000000;-0,001902;0,600000
9,000000;-0,002815;0,800000
9,000000;-0,003698;1,000000
9,000000;-0,004558;1,200000
9,000000;-0,005382;1,400000
9,000000;-0,006188;1,600000
9,000000;-0,006961;1,800000
9,000000;-0,007705;2,000000
9,000000;-0,008420;2,200000
9,000000;-0,009113;2,400000
9,000000;-0,009767;2,600000
9,000000;-0,010401;2,800000
9,000000;-0,011002;3,000000
9,000000;-0,011575;3,200001
9,000000;-0,012123;3,400001
9,000000;-0,012638;3,600001
9,000000;-0,013118;3,800001
9,000000;-0,013571;4,000000
9,000000;-0,014000;4,200000
9,000000;-0,014397;4,400000
9,000000;-0,014770;4,600000
9,000000;-0,015108;4,800000
9,000000;-0,015424;5,000000
9,000000;-0,015708;5,199999
9,000000;-0,015965;5,399999
9,000000;-0,016200;5,599999
9,000000;-0,016414;5,799999
9,000000;-0,016610;5,999999
9,000000;-0,016787;6,199998
9,000000;-0,016947;6,399998
9,000000;-0,017088;6,599998
9,000000;-0,017217;6,799998
9,000000;-0,017336;6,999998
9,000000;-0,017447;7,199997
9,000000;-0,017546;7,399997
9,000000;-0,017635;7,599997
9,000000;-0,017722;7,799997
9,000000;-0,017803;7,999997
9,000000;-0,017888;8,199997
9,000000;-0,017963;8,399997
9,000000;-0,018033;8,599997
9,000000;-0,018100;8,799996
9,000000;-0,018165;8,999996
9,000000;-0,018227;9,199996
9,000000;-0,018287;9,399996
9,000000;-0,018344;9,599996
9,000000;-0,018403;9,799995
9,000000;-0,018459;9,999995
9,000000;-0,018517;10,200000
9,000000;-0,018564;10,399990
10,000000;-0,001046;0,400000
10,000000;-0,002064;0,600000
10,000000;-0,003064;0,800000
10,000000;-0,004039;1,000000
10,000000;-0,004981;1,200000
10,000000;-0,005900;1,400000
10,000000;-0,006793;1,600000
10,000000;-0,007658;1,800000
10,000000;-0,008502;2,000000
10,000000;-0,009315;2,200000
10,000000;-0,010104;2,400000
10,000000;-0,010860;2,600000
10,000000;-0,011588;2,800000
10,000000;-0,012289;3,000000
10,000000;-0,012967;3,200001
10,000000;-0,013617;3,400001
10,000000;-0,014233;3,600001
10,000000;-0,014823;3,800001
10,000000;-0,015380;4,000000
10,000000;-0,015915;4,200000
10,000000;-0,016417;4,400000
10,000000;-0,016892;4,600000
10,000000;-0,017336;4,800000
10,000000;-0,017756;5,000000
10,000000;-0,018150;5,199999
10,000000;-0,018514;5,399999
10,000000;-0,018851;5,599999
10,000000;-0,019163;5,799999
10,000000;-0,019453;5,999999
10,000000;-0,019716;6,199998
10,000000;-0,019962;6,399998
10,000000;-0,020186;6,599998
10,000000;-0,020388;6,799998
10,000000;-0,020567;6,999998
10,000000;-0,020735;7,199997
10,000000;-0,020886;7,399997
10,000000;-0,021026;7,599997
10,000000;-0,021154;7,799997
10,000000;-0,021271;7,999997
10,000000;-0,021383;8,199997
10,000000;-0,021484;8,399997
10,000000;-0,021581;8,599997
10,000000;-0,021670;8,799996
10,000000;-0,021747;8,999996
10,000000;-0,021828;9,199996
10,000000;-0,021904;9,399996
10,000000;-0,021978;9,599996
10,000000;-0,022049;9,799995
10,000000;-0,022117;9,999995
10,000000;-0,022183;10,200000
10,000000;-0,022243;10,399990

